abbccba
abccbccba

4 8 11 12 13 14 18 23 28 29 30 31 34 39 43 47 49 53 55 56 61 65 66 67 70 71 75 76 80 85 89 90 95 96 100 102 107
109 114 116 117 118 123 125 126 131 132 137 142 145 149 153 157 160 165 169 173 174 176 178 183 187 189 193 196
201 202 207 211 212 217 219 224 229 232 233 236 238 241 243 244 247 251 256 257 259 262 264 269 274 277 281 283 286
288 290 292 293 298 301 305 310 315 316 318 321 326 328 332 335 336 339 343 344 346 348 351 355 357 362 363 364 369
370 375 377 380 385 390 392 393 395 396 401 402 405 407 410 411 414 416 419 422 423 424 427 428 432 433 434 435 438
443 448 452 456 457 459 461 465 470 471 472 473 475 480 482 483 485 487 489 492 494 498 501 504 509 514 519 520 525
527 530 534 538 540 545 548 551 553 558 563 568 571 575 576 577 581 585 587 591 596 600 605 608 613 615 616 618 619
621 624 625 630 634 639 642 646 647 652 655 656 659 663 665 670 675 680 682 685 686 689 692 693 696 699 701 706 710
712 715 717 720 721 724 728 733 736 738 743 744 747 748 750 752 756 760 765 770 772 774 777 780 784 788 792 797 800
801 805 810 813 816 817 821 825 829 834 838 840 843 844 847 849 853 857 860 864 868 869 874 878 881 886 891 893 894
897 899 903 904 907 910 915 919 922 923 926 928 933 934 935 937 942 945 947 951 954 956 958 959 964 965 969 971 975
979 982 986 990 992 997 1001 1005 1006 1008 1010 1014 1019 1020 1022 1025 1028 1032 1036 1037 1039 1044 1046 1050
1052 1056 1057 1061 1066 1071 1076 1081 1086 1088 1093 1094 1095 1099 1101 1106 1108 1109 1112 1113 1114 1115 1120
1125 1128 1133 1136 1139 1142 1147 1149 1151 1155 1159 1163 1167 1168 1170 1173 1175 1180 1184 1185 1187 1190 1193
1197 1199 1200 1201 1206 1211 1213 1216 1220 1224 1227 1418 1229 1234 1239 1242 1243 1246 1248 1252 1255 1260 1261
1263 1266 1271 1272 1274 1276 1278 1281 1283 1286 1289 1293 1296 1298 1299 1300 1302 1306 1307 1311 1316 1320 1322
1323 1325 1328 1332 1337 1340 1343 1346 1347 1350 1351 1356 1357 1359 1362 1366 1369 1371 1373 1374 1375 1376 1380
1385 1390 1394 1396 1399 1403 1404 1405 1407 1411 1414 1415 1228 1420 1424 1426 1430 1433 1434 1438 1443 1446 1447
1452 1457 1460 1464 1468 1473 1476 1480 1481 1484 1485 1486 1490 1493 1498 1503 1508 1513 1515 1518 1522 1524 1527
1532 1533 1537 1539 1544 1546 1550 1553 1558 1560 1564 1568 1573 1576 1579 1582 1585 1589 1593 1594 1596 1597 1600
1605 1606 1611 1613 1616 1620 1623 1625 1628 1631 1633 1635 1639 1640 1642 1644 1648 1651 1653 1654 1659 1661 1662
1666 1667 1672 1675 1677 1679 1684 1687 1689 1694 1699 1703 1706 1709 1711 1715 1717 1718 1719 1720 1721 1722 1724
1727 1730 1735 1736 1737 1739 1744 1747 1752 1754 1757 1761 1762 1767 1772 1773 1777 1781 1786 1791 1795 1800 1801
1806 1811 1812 1817 1822 1823 1826 1830 1832 1837 1840 1843 1844 1848 1851 1852 1856 1859 1864 1866 1869 1872 1874
1878 1880 1881 1883 1887 1891 1895 1897 1902 1904 1908 1912 1913 1914 1916 1921 1923 1924 1928 1929 1931 1934 1939
1944 1949 1954 1955 1959 1963 1968 1973 1974 1976 1979 1981 1982 1985 1986 1991 1995 1999 2004 2008 2012 2017 2021
2025 2030 2033 2037 2042 2045 2049 2053 2057 2058 2061 2066 2071 2072 2074 2076 2081 2085 2090 2095 2098 2100 2103
2107 2108 2110 2114 2117 2121 2125 2128 2131 2133 2135 2136 2141 2145 2148 2153 2158 2160 2164 2166 2169 2170 2172
2173 2175 2180 2184 2188 2192 2194 2198 2200 2205 2208 2212 2213 2216 2217 2218 2219 2220 2225 2227 2232 2237 2242
2243 2245 2250 2255 2258 2262 2263 2266 2267 2269 2271 2273 2277 2281 2282 2283 2288 2293 2296 2297 2299 2301 2305
2306 2308 2309 2311 2313 2315 2319 2321 2324 2329 2330 2334 2335 2339 2341 2344 2349 2353 2357 2359 2360 2364 2367
2372 2374 2377 2379 2382 2384 2388 2391 2395 2399 2401 2403 2404 2405 2410 2415 2419 2423 2424 2427 2431 2435 2436
2439 2442 2447 2452 2457 2459 2464 2469 2471 2475 2479 2483 2486 2491 2496 2500 2505 2510 2515 2516 2519 2522 2524
2525 2530 2533 2537 2540 2541 2543 2545 2549 2551 2552 2553 2554 2557 2561 2566 2570 2575 2579 2584 2589 2591 2596
2601 2604 2607 2608 2610 2614 2619 2623 2628 2632 2634 2635 2637 2640 2643 2646